30 118
Motijheel
Gulistan
Paltan
Ramna
Dhanmondi
Mohammadpur
Lalmatia
Kalabagan
Jigatola
Hazaribagh
Elephant_Road
New_Market
Azimpur
Nilkhet
Shahbagh
TSC
Farmgate
Karwan_Bazar
Panthapath
Green_Road
Tejgaon
Mohakhali
Banani
Gulshan_1
Gulshan_2
Baridhara
Badda
Rampura
Malibagh
Khilgaon
3 13 9 0
13 3 9 0
13 12 4 0
12 13 4 0
3 2 3 0
2 3 3 0
12 25 7 0
25 12 7 0
2 21 11 0
21 2 11 0
13 20 5 0
20 13 5 0
25 15 10 0
15 25 10 0
2 8 4 0
8 2 4 0
20 29 10 0
29 20 10 0
12 22 12 0
22 12 12 0
12 5 17 0
5 12 17 0
21 6 12 0
6 21 12 0
12 28 13 0
28 12 13 0
6 0 4 0
0 6 4 0
21 27 3 0
27 21 3 0
12 11 17 0
11 12 17 0
6 1 5 0
1 6 5 0
21 9 7 0
9 21 7 0
21 18 11 0
18 21 11 0
29 4 12 0
4 29 12 0
8 16 9 0
16 8 9 0
29 7 14 0
7 29 14 0
20 19 4 0
19 20 4 0
16 23 4 0
23 16 4 0
4 14 9 0
14 4 9 0
1 26 12 0
26 1 12 0
12 17 15 0
17 12 15 0
21 24 10 0
24 21 10 0
20 10 8 0
10 20 8 0
26 23 10 0
23 26 10 0
13 9 8 0
9 13 8 0
14 10 6 0
10 14 6 0
8 5 10 0
5 8 10 0
25 26 5 1
26 25 5 1
21 1 11 0
1 21 11 0
6 20 9 0
20 6 9 0
0 24 14 0
24 0 14 0
20 0 11 0
0 20 11 0
2 14 7 0
14 2 7 0
9 29 11 0
29 9 11 0
14 29 10 0
29 14 10 0
12 18 2 0
18 12 2 0
27 6 13 0
6 27 13 0
25 8 11 0
8 25 11 0
22 20 6 0
20 22 6 0
3 23 12 0
23 3 12 0
27 14 7 0
14 27 7 0
25 11 17 1
11 25 17 1
19 26 7 0
26 19 7 0
18 6 6 0
6 18 6 0
19 17 12 0
17 19 12 0
28 1 16 0
1 28 16 0
25 1 13 0
1 25 13 0
7 15 7 0
15 7 7 0
7 24 10 1
24 7 10 1
4 19 14 0
19 4 14 0
14 9 5 0
9 14 5 0
11 28 12 0
28 11 12 0
12 26 9 1
26 12 9 1
0.03 -0.36
3.39 0.48
6.24 -0.76
8.58 -0.26
12.76 0.25
15.05 0.27
-0.63 3.29
3.25 2.54
5.77 2.86
9.73 2.79
11.24 3.5
15.58 2.74
0.36 6.77
2.83 6.26
6.08 6.08
9.06 6.55
12.67 6.69
14.41 6.57
-0.61 8.45
2.44 8.34
5.9 8.37
8.9 9.62
11.86 8.33
15.41 9.04
-0.51 11.74
2.61 12.1
6.68 11.5
8.9 11.63
12.21 12.62
14.55 11.42
0 29
