15 58
Motijheel
Gulistan
Paltan
Ramna
Dhanmondi
Mohammadpur
Lalmatia
Kalabagan
Jigatola
Hazaribagh
Elephant_Road
New_Market
Azimpur
Nilkhet
Shahbagh
0 7 10 0
7 0 10 0
7 5 7 0
5 7 7 0
5 1 4 0
1 5 4 0
1 2 5 0
2 1 5 0
5 8 4 0
8 5 4 0
7 6 5 0
6 7 5 0
2 11 8 0
11 2 8 0
5 13 7 0
13 5 7 0
8 14 7 0
14 8 7 0
13 4 7 0
4 13 7 0
2 10 6 0
10 2 6 0
13 12 4 0
12 13 4 0
13 3 11 0
3 13 11 0
4 9 4 0
9 4 4 0
9 2 7 1
2 9 7 1
0 10 10 0
10 0 10 0
1 6 6 1
6 1 6 1
2 0 7 0
0 2 7 0
4 6 7 0
6 4 7 0
11 6 7 1
6 11 7 1
4 12 7 0
12 4 7 0
14 4 9 0
4 14 9 0
5 6 3 0
6 5 3 0
0 8 8 0
8 0 8 0
3 1 9 1
1 3 9 1
9 1 7 0
1 9 7 0
5 10 5 0
10 5 5 0
14 13 3 0
13 14 3 0
0 12 11 0
12 0 11 0
0.63 -0.48
2.38 -0.62
6.41 0.57
9.79 0.29
0.22 3.3
2.97 3.08
5.43 2.27
9.59 3.48
0.74 6.38
3.14 5.46
6.59 6.05
9.59 6.45
0.46 9.21
3.48 8.89
6.34 9.04
0 14
