50 198
Motijheel
Gulistan
Paltan
Ramna
Dhanmondi
Mohammadpur
Lalmatia
Kalabagan
Jigatola
Hazaribagh
Elephant_Road
New_Market
Azimpur
Nilkhet
Shahbagh
TSC
Farmgate
Karwan_Bazar
Panthapath
Green_Road
Tejgaon
Mohakhali
Banani
Gulshan_1
Gulshan_2
Baridhara
Badda
Rampura
Malibagh
Khilgaon
Sabujbagh
Jatrabari
Sayedabad
Demra
Gendaria
Wari
Sutrapur
Lalbagh
Chawkbazar
Islampur
Kotwali
Bangshal
Uttara
Airport
Khilkhet
Nikunja
Cantonment
Kurmitola
Mirpur_1
Mirpur_10
26 33 6 0
33 26 6 0
26 25 5 0
25 26 5 0
25 12 11 0
12 25 11 0
12 39 14 0
39 12 14 0
25 44 13 0
44 25 13 0
12 13 4 0
13 12 4 0
44 6 18 0
6 44 18 0
13 27 8 0
27 13 8 0
33 40 6 0
40 33 6 0
12 11 5 0
11 12 5 0
12 21 4 0
21 12 4 0
6 41 22 0
41 6 22 0
27 28 3 0
28 27 3 0
44 31 12 0
31 44 12 0
12 14 6 0
14 12 6 0
26 19 5 0
19 26 5 0
31 2 17 0
2 31 17 0
13 3 8 0
3 13 8 0
41 32 6 0
32 41 6 0
39 23 6 0
23 39 6 0
33 34 3 0
34 33 3 0
39 4 16 0
4 39 16 0
14 9 16 0
9 14 16 0
31 36 10 0
36 31 10 0
2 8 8 0
8 2 8 0
8 18 6 0
18 8 6 0
2 20 10 0
20 2 10 0
36 16 14 0
16 36 14 0
13 5 5 0
5 13 5 0
6 49 24 0
49 6 24 0
12 45 14 0
45 12 14 0
9 24 9 0
24 9 9 0
2 47 23 0
47 2 23 0
25 15 20 0
15 25 20 0
12 43 15 0
43 12 15 0
19 29 8 0
29 19 8 0
28 48 15 0
48 28 15 0
41 35 7 0
35 41 7 0
6 30 11 0
30 6 11 0
21 1 15 0
1 21 15 0
20 38 8 0
38 20 8 0
23 17 18 0
17 23 18 0
5 46 15 0
46 5 15 0
35 42 6 0
42 35 6 0
28 37 4 0
37 28 4 0
16 0 7 0
0 16 7 0
41 10 14 0
10 41 14 0
32 7 26 0
7 32 26 0
8 22 20 0
22 8 20 0
28 1 15 1
1 28 15 1
15 34 18 1
34 15 18 1
13 35 11 0
35 13 11 0
6 19 12 0
19 6 12 0
18 34 8 0
34 18 8 0
29 34 11 0
34 29 11 0
45 17 15 0
17 45 15 0
27 29 8 0
29 27 8 0
32 49 7 0
49 32 7 0
25 21 13 0
21 25 13 0
0 2 6 0
2 0 6 0
43 40 10 1
40 43 10 1
34 12 12 1
12 34 12 1
28 20 5 0
20 28 5 0
2 36 14 0
36 2 14 0
45 28 8 0
28 45 8 0
44 21 11 0
21 44 11 0
43 31 15 0
31 43 15 0
20 43 11 0
43 20 11 0
49 15 23 0
15 49 23 0
47 24 23 0
24 47 23 0
37 45 5 0
45 37 5 0
37 43 8 0
43 37 8 0
38 27 11 0
27 38 11 0
19 44 12 0
44 19 12 0
22 39 6 0
39 22 6 0
34 5 16 0
5 34 16 0
30 35 10 1
35 30 10 1
37 36 4 0
36 37 4 0
3 19 6 0
19 3 6 0
11 5 9 1
5 11 9 1
4 49 19 0
49 4 19 0
0 3 9 0
3 0 9 0
40 4 19 0
4 40 19 0
27 14 12 0
14 27 12 0
26 5 14 1
5 26 14 1
22 20 8 0
20 22 8 0
34 4 13 1
4 34 13 1
19 9 7 0
9 19 7 0
9 23 18 0
23 9 18 0
23 44 14 0
44 23 14 0
39 27 13 0
27 39 13 0
48 26 13 0
26 48 13 0
34 32 7 1
32 34 7 1
19 27 4 0
27 19 4 0
21 39 10 1
39 21 10 1
27 8 11 1
8 27 11 1
1 11 8 0
11 1 8 0
46 45 4 0
45 46 4 0
31 49 20 1
49 31 20 1
0.52 0.63
2.5 -0.31
5.97 -0.54
8.35 0.39
11.73 0.38
15.69 -0.09
18.4 -0.72
21.52 -0.58
0.53 2.98
3.72 3.29
5.97 2.4
8.29 3.48
12.11 2.53
14.64 3.2
17.99 3.06
21.08 3.57
-0.75 6.58
3.23 6.74
5.47 5.26
8.68 5.52
12.09 5.66
14.23 5.63
18.71 6.71
21.27 5.67
-0.59 9.53
2.4 8.63
6.12 8.47
8.93 8.31
11.77 9.45
15.57 9.52
18.26 9.77
20.35 8.49
-0.37 12.53
3.52 12.12
5.8 11.79
9.68 12.16
11.53 11.23
14.34 11.28
17.84 11.66
21.26 11.24
-0.23 14.49
3.66 15.46
6.12 15.79
8.68 15.54
11.6 15.75
14.96 15.64
18.19 14.44
21.47 14.63
-0.13 18.23
3.67 17.51
0 49
