100 684
Motijheel
Gulistan
Paltan
Ramna
Dhanmondi
Mohammadpur
Lalmatia
Kalabagan
Jigatola
Hazaribagh
Elephant_Road
New_Market
Azimpur
Nilkhet
Shahbagh
TSC
Farmgate
Karwan_Bazar
Panthapath
Green_Road
Tejgaon
Mohakhali
Banani
Gulshan_1
Gulshan_2
Baridhara
Badda
Rampura
Malibagh
Khilgaon
Sabujbagh
Jatrabari
Sayedabad
Demra
Gendaria
Wari
Sutrapur
Lalbagh
Chawkbazar
Islampur
Kotwali
Bangshal
Uttara
Airport
Khilkhet
Nikunja
Cantonment
Kurmitola
Mirpur_1
Mirpur_10
City_51
City_52
City_53
City_54
City_55
City_56
City_57
City_58
City_59
City_60
City_61
City_62
City_63
City_64
City_65
City_66
City_67
City_68
City_69
City_70
City_71
City_72
City_73
City_74
City_75
City_76
City_77
City_78
City_79
City_80
City_81
City_82
City_83
City_84
City_85
City_86
City_87
City_88
City_89
City_90
City_91
City_92
City_93
City_94
City_95
City_96
City_97
City_98
City_99
City_100
0 1 5 0
1 0 5 0
0 10 8 1
10 0 8 0
0 11 8 0
11 0 8 0
1 2 8 0
2 1 8 0
1 11 6 0
11 1 6 0
1 12 11 0
12 1 11 0
1 10 9 0
10 1 9 0
2 3 7 0
3 2 7 0
2 12 5 0
12 2 5 0
2 13 5 0
13 2 5 0
2 11 8 0
11 2 8 0
3 4 4 0
4 3 4 0
3 13 7 0
13 3 7 0
3 14 10 0
14 3 10 0
3 12 9 0
12 3 9 0
4 5 6 0
5 4 6 0
4 14 8 0
14 4 8 0
4 15 11 0
15 4 11 0
4 13 10 0
13 4 10 0
5 6 5 0
6 5 5 0
5 15 7 0
15 5 7 0
5 16 10 0
16 5 10 0
5 14 7 0
14 5 7 0
6 7 8 0
7 6 8 0
6 16 9 0
16 6 9 0
6 17 10 0
17 6 10 1
6 15 9 0
15 6 9 0
7 8 4 0
8 7 4 0
7 17 6 0
17 7 6 0
7 18 9 1
18 7 9 1
7 16 10 1
16 7 10 0
8 9 8 1
9 8 8 0
8 18 6 0
18 8 6 0
8 19 10 0
19 8 10 0
8 17 8 0
17 8 8 0
9 19 8 0
19 9 8 0
9 18 10 0
18 9 10 0
10 11 5 0
11 10 5 0
10 20 4 0
20 10 4 0
10 21 6 0
21 10 6 0
11 12 8 0
12 11 8 0
11 21 6 0
21 11 6 0
11 22 8 0
22 11 8 0
11 20 7 0
20 11 7 0
12 13 3 0
13 12 3 0
12 22 6 0
22 12 6 0
12 23 6 0
23 12 6 0
12 21 10 0
21 12 10 1
13 14 9 0
14 13 9 0
13 23 7 0
23 13 7 0
13 24 11 0
24 13 11 0
13 22 9 0
22 13 9 0
14 15 6 0
15 14 6 0
14 24 5 0
24 14 5 0
14 25 6 0
25 14 6 0
14 23 10 0
23 14 10 0
15 16 5 0
16 15 5 0
15 25 4 0
25 15 4 0
15 26 8 0
26 15 8 0
15 24 8 0
24 15 8 0
16 17 6 0
17 16 6 0
16 26 6 0
26 16 6 0
16 27 8 0
27 16 8 0
16 25 7 0
25 16 7 0
17 18 8 0
18 17 8 0
17 27 6 0
27 17 6 0
17 28 8 0
28 17 8 0
17 26 10 0
26 17 10 0
18 19 6 0
19 18 6 0
18 28 7 0
28 18 7 0
18 29 6 0
29 18 6 0
18 27 9 0
27 18 9 0
19 29 6 0
29 19 6 0
19 28 11 0
28 19 11 0
20 21 4 0
21 20 4 0
20 30 8 0
30 20 8 0
20 31 10 0
31 20 10 0
21 22 5 0
22 21 5 0
21 31 8 0
31 21 8 0
21 32 11 1
32 21 11 0
21 30 8 0
30 21 8 0
22 23 6 0
23 22 6 0
22 32 8 0
32 22 8 0
22 33 8 0
33 22 8 0
22 31 9 1
31 22 9 0
23 24 8 1
24 23 8 0
23 33 5 0
33 23 5 0
23 34 9 0
34 23 9 0
23 32 8 0
32 23 8 0
24 25 5 0
25 24 5 0
24 34 6 0
34 24 6 0
24 35 9 0
35 24 9 0
24 33 9 0
33 24 9 0
25 26 6 0
26 25 6 0
25 35 9 0
35 25 9 0
25 36 10 0
36 25 10 0
25 34 9 0
34 25 9 0
26 27 7 1
27 26 7 0
26 36 4 0
36 26 4 0
26 37 8 0
37 26 8 0
26 35 9 0
35 26 9 0
27 28 4 0
28 27 4 0
27 37 5 0
37 27 5 0
27 38 9 0
38 27 9 0
27 36 7 0
36 27 7 0
28 29 6 0
29 28 6 0
28 38 6 0
38 28 6 0
28 39 8 0
39 28 8 0
28 37 6 0
37 28 6 0
29 39 6 1
39 29 6 0
29 38 7 0
38 29 7 0
30 31 4 1
31 30 4 0
30 40 5 0
40 30 5 0
30 41 8 0
41 30 8 0
31 32 7 0
32 31 7 0
31 41 7 0
41 31 7 0
31 42 7 0
42 31 7 0
31 40 7 0
40 31 7 0
32 33 5 0
33 32 5 0
32 42 4 0
42 32 4 0
32 43 8 0
43 32 8 0
32 41 9 1
41 32 9 0
33 34 6 0
34 33 6 0
33 43 8 0
43 33 8 0
33 44 8 0
44 33 8 0
33 42 9 0
42 33 9 0
34 35 6 0
35 34 6 0
34 44 5 0
44 34 5 0
34 45 9 0
45 34 9 0
34 43 8 0
43 34 8 0
35 36 9 0
36 35 9 0
35 45 5 0
45 35 5 0
35 46 9 0
46 35 9 0
35 44 7 0
44 35 7 0
36 37 5 0
37 36 5 0
36 46 6 0
46 36 6 1
36 47 7 0
47 36 7 0
36 45 11 0
45 36 11 0
37 38 7 0
38 37 7 0
37 47 6 0
47 37 6 0
37 48 10 0
48 37 10 0
37 46 8 0
46 37 8 0
38 39 4 0
39 38 4 0
38 48 6 0
48 38 6 0
38 49 10 0
49 38 10 0
38 47 11 0
47 38 11 0
39 49 9 1
49 39 9 0
39 48 8 0
48 39 8 0
40 41 6 0
41 40 6 0
40 50 8 0
50 40 8 0
40 51 9 0
51 40 9 0
41 42 6 0
42 41 6 1
41 51 5 0
51 41 5 0
41 52 7 0
52 41 7 0
41 50 10 0
50 41 10 0
42 43 8 0
43 42 8 0
42 52 8 0
52 42 8 0
42 53 8 0
53 42 8 0
42 51 9 0
51 42 9 0
43 44 3 0
44 43 3 0
43 53 7 0
53 43 7 1
43 54 9 0
54 43 9 0
43 52 11 0
52 43 11 0
44 45 6 0
45 44 6 0
44 54 9 0
54 44 9 0
44 55 11 0
55 44 11 0
44 53 9 0
53 44 9 0
45 46 8 0
46 45 8 0
45 55 5 0
55 45 5 0
45 56 9 0
56 45 9 0
45 54 9 0
54 45 9 0
46 47 3 0
47 46 3 0
46 56 5 0
56 46 5 0
46 57 10 0
57 46 10 0
46 55 8 0
55 46 8 0
47 48 9 0
48 47 9 0
47 57 8 0
57 47 8 0
47 58 10 0
58 47 10 0
47 56 7 0
56 47 7 0
48 49 6 0
49 48 6 0
48 58 7 0
58 48 7 0
48 59 7 0
59 48 7 0
48 57 10 0
57 48 10 0
49 59 4 0
59 49 4 0
49 58 10 0
58 49 10 0
50 51 8 0
51 50 8 0
50 60 6 0
60 50 6 0
50 61 10 0
61 50 10 0
51 52 5 0
52 51 5 0
51 61 6 0
61 51 6 0
51 62 6 0
62 51 6 0
51 60 8 0
60 51 8 0
52 53 5 0
53 52 5 0
52 62 5 0
62 52 5 0
52 63 9 1
63 52 9 0
52 61 7 0
61 52 7 0
53 54 7 0
54 53 7 0
53 63 8 0
63 53 8 0
53 64 11 0
64 53 11 0
53 62 9 0
62 53 9 1
54 55 8 0
55 54 8 0
54 64 6 0
64 54 6 0
54 65 6 0
65 54 6 0
54 63 10 0
63 54 10 0
55 56 5 0
56 55 5 0
55 65 6 1
65 55 6 0
55 66 10 0
66 55 10 0
55 64 10 0
64 55 10 0
56 57 8 1
57 56 8 0
56 66 9 0
66 56 9 0
56 67 8 0
67 56 8 0
56 65 9 0
65 56 9 0
57 58 4 0
58 57 4 0
57 67 5 0
67 57 5 0
57 68 6 0
68 57 6 0
57 66 9 0
66 57 9 0
58 59 7 0
59 58 7 1
58 68 6 0
68 58 6 0
58 69 9 0
69 58 9 0
58 67 9 0
67 58 9 0
59 69 6 0
69 59 6 0
59 68 11 0
68 59 11 0
60 61 6 0
61 60 6 0
60 70 6 0
70 60 6 0
60 71 8 0
71 60 8 0
61 62 3 0
62 61 3 0
61 71 7 0
71 61 7 0
61 72 7 0
72 61 7 0
61 70 9 0
70 61 9 0
62 63 6 0
63 62 6 0
62 72 6 0
72 62 6 0
62 73 11 0
73 62 11 0
62 71 9 0
71 62 9 1
63 64 9 0
64 63 9 0
63 73 6 0
73 63 6 0
63 74 8 0
74 63 8 0
63 72 6 0
72 63 6 0
64 65 5 0
65 64 5 0
64 74 5 0
74 64 5 0
64 75 8 0
75 64 8 0
64 73 9 0
73 64 9 0
65 66 9 0
66 65 9 0
65 75 8 0
75 65 8 0
65 76 10 0
76 65 10 0
65 74 9 1
74 65 9 0
66 67 4 0
67 66 4 0
66 76 5 1
76 66 5 0
66 77 5 0
77 66 5 0
66 75 7 0
75 66 7 1
67 68 6 1
68 67 6 0
67 77 5 0
77 67 5 0
67 78 9 0
78 67 9 0
67 76 8 0
76 67 8 0
68 69 9 0
69 68 9 0
68 78 5 0
78 68 5 0
68 79 8 0
79 68 8 0
68 77 7 0
77 68 7 0
69 79 7 1
79 69 7 0
69 78 11 0
78 69 11 0
70 71 5 0
71 70 5 0
70 80 6 0
80 70 6 0
70 81 9 0
81 70 9 0
71 72 7 0
72 71 7 0
71 81 6 0
81 71 6 0
71 82 9 0
82 71 9 0
71 80 8 0
80 71 8 0
72 73 7 0
73 72 7 0
72 82 6 0
82 72 6 0
72 83 9 0
83 72 9 0
72 81 11 0
81 72 11 0
73 74 5 0
74 73 5 0
73 83 6 0
83 73 6 0
73 84 6 0
84 73 6 0
73 82 6 0
82 73 6 0
74 75 9 0
75 74 9 0
74 84 5 0
84 74 5 0
74 85 11 0
85 74 11 0
74 83 9 0
83 74 9 1
75 76 4 0
76 75 4 0
75 85 6 0
85 75 6 0
75 86 8 0
86 75 8 0
75 84 10 0
84 75 10 0
76 77 5 0
77 76 5 0
76 86 7 0
86 76 7 0
76 87 9 0
87 76 9 1
76 85 7 0
85 76 7 0
77 78 7 0
78 77 7 0
77 87 6 0
87 77 6 0
77 88 9 0
88 77 9 0
77 86 9 0
86 77 9 0
78 79 6 0
79 78 6 0
78 88 6 0
88 78 6 0
78 89 8 0
89 78 8 0
78 87 6 0
87 78 6 0
79 89 7 0
89 79 7 0
79 88 9 0
88 79 9 0
80 81 7 0
81 80 7 1
80 90 7 0
90 80 7 0
80 91 10 0
91 80 10 0
81 82 9 1
82 81 9 0
81 91 4 0
91 81 4 0
81 92 8 0
92 81 8 0
81 90 7 0
90 81 7 0
82 83 4 0
83 82 4 0
82 92 7 0
92 82 7 0
82 93 9 0
93 82 9 0
82 91 8 0
91 82 8 0
83 84 6 0
84 83 6 0
83 93 5 0
93 83 5 0
83 94 8 0
94 83 8 0
83 92 7 0
92 83 7 0
84 85 9 0
85 84 9 0
84 94 7 0
94 84 7 0
84 95 9 0
95 84 9 0
84 93 7 0
93 84 7 0
85 86 4 0
86 85 4 0
85 95 5 0
95 85 5 0
85 96 8 0
96 85 8 0
85 94 10 0
94 85 10 0
86 87 8 0
87 86 8 0
86 96 7 0
96 86 7 0
86 97 9 0
97 86 9 0
86 95 7 0
95 86 7 0
87 88 4 0
88 87 4 0
87 97 9 0
97 87 9 0
87 98 7 0
98 87 7 0
87 96 12 0
96 87 12 0
88 89 7 0
89 88 7 0
88 98 5 0
98 88 5 0
88 99 12 0
99 88 12 0
88 97 9 0
97 88 9 0
89 99 8 0
99 89 8 0
89 98 7 0
98 89 7 0
90 91 7 0
91 90 7 0
91 92 4 0
92 91 4 0
92 93 8 0
93 92 8 0
93 94 4 0
94 93 4 0
94 95 7 0
95 94 7 0
95 96 6 0
96 95 6 1
96 97 7 0
97 96 7 0
97 98 7 0
98 97 7 0
98 99 8 0
99 98 8 0
0.25 -0.85
2.60 -0.50
6.43 0.32
9.71 -0.74
11.86 -0.85
14.49 0.01
17.15 -0.54
21.27 0.08
23.50 0.16
27.56 -0.89
0.55 3.36
2.71 2.38
6.82 2.71
8.27 2.27
12.63 3.19
15.55 3.41
18.07 3.85
20.78 3.09
24.59 3.21
27.65 3.14
0.37 5.18
2.51 5.62
5.24 5.52
8.28 5.60
12.24 5.76
14.77 5.48
17.58 6.79
21.27 6.20
23.41 6.41
26.39 5.78
0.88 9.25
3.10 9.33
6.62 9.50
8.51 8.16
11.67 8.58
14.48 9.80
18.68 8.67
21.28 8.81
24.75 8.93
26.58 8.54
0.11 11.57
3.15 12.72
5.82 11.49
9.90 12.02
11.26 11.18
14.30 12.23
18.53 11.86
20.21 11.79
24.89 12.05
27.85 12.65
-0.88 15.40
3.33 15.07
5.58 15.25
8.30 14.88
11.92 15.82
15.68 14.57
18.00 14.42
21.74 15.67
23.64 15.25
27.20 14.38
0.47 18.07
3.50 18.05
5.10 17.68
8.14 18.77
12.68 18.60
14.65 17.20
18.68 18.80
20.25 17.97
23.22 18.47
27.48 17.33
-0.04 21.09
2.58 21.67
5.86 20.48
9.07 21.41
11.46 20.66
15.89 21.27
17.89 21.03
20.32 20.50
23.71 21.16
26.51 20.50
-0.77 24.24
2.51 24.73
6.65 23.23
8.53 24.30
11.49 23.34
15.78 24.13
17.95 24.51
21.55 23.44
23.27 23.88
26.86 23.94
0.41 27.31
3.87 26.28
5.82 26.71
9.65 26.55
11.44 26.91
14.86 26.60
17.55 27.76
20.90 27.65
24.09 26.19
27.90 27.60
0 49
