30 60
0 1 3 0
0 2 5 0
1 3 4 0
1 4 6 0
2 4 2 0
2 5 7 0
3 6 5 0
4 6 3 0
4 7 8 0
5 7 2 0
5 8 6 0
6 9 4 0
7 9 3 0
7 10 5 0
8 10 2 0
9 11 3 0
10 11 4 0
11 12 5 0
12 13 2 0
13 14 4 0
14 15 3 0
15 16 2 0
16 17 4 0
17 18 3 0
18 19 5 0
19 20 2 0
20 21 3 0
21 22 4 0
22 23 2 0
23 24 5 0
24 25 3 0
25 26 4 0
26 27 2 0
27 28 3 0
28 29 4 0
3 5 3 0
6 8 2 0
8 12 4 0
10 14 3 0
12 16 2 0
14 18 4 0
16 20 3 0
18 22 5 0
20 24 4 0
22 26 3 0
24 28 2 0
2 6 5 0
5 10 4 0
9 15 6 0
13 19 5 0
17 23 4 0
21 27 3 0
1 8 8 0
4 11 7 0
7 16 6 0
11 20 5 0
15 24 4 0
18 29 6 0
5 17 9 0
9 25 8 0
0 29
